1 2 3 2(6) (66)32(5)2(7)1 (667) (66)1 (667)1232(6) 3 322 (5)2(7)1 (667) (6611) (667)12(7)11
345 45 44 332(7)11 (76)22
345 45 44 332(7)11 11(77)

12 3 2(6) 32(5)2 1 (6677) (661) (67)1232(6) 3 322 (5)2(7)1 (67) (6)11(67)12(7)11

(67)123 332(75)
2#2(#6)2#2(#6)1 554#62
2#2452(#6)1 #221(#6#6) (#5#6) (#5#5) (#4#5)
(#4) (#44#2#1#1) (#44#2#1#1) #1(767#5) #1(767#5) #1

1232(6) 32(5)2(7)1 (67) 1 (67)12 32(6) 32(5)2(7)1  (67) (6)1 (67)12(7)11 (7)11
1232(6) 32(5)2(7)1 (67) (6)1 (67)12 32(6) 32(5)2(7)1  (67) (6)1 (67)12(7)11 (7)11

3456 356 3567756 66 5455
3456 356 35677566


545

1 2 2232(6) 32(5)2(7)1 (667) (6)1 (667)12322(6) 3322(5)2(7)1 (67) (6)11 (67)12(7)11
1232(6) 32(5)2(7)1 (667) (6)1 (667)1232(6) 3322(5)2(7)1 (667) (6)11 (667)12(77)11

363 252 665 5665
363 [1]75 665 5665 233
